time1: 0.021611928939819336
time2: 0.020390748977661133
time3: 0.012353897094726562
time4: 0.01816582679748535
time5: 0.014382123947143555
time6: 0.014879941940307617
time7: 0.018229007720947266
time8: 0.020621061325073242
time9: 0.03483915328979492
time10: 0.02683424949645996
time11: 0.024729013442993164
time12: 0.023588180541992188
time13: 0.02174830436706543
time1: 0.018379926681518555
time2: 0.02177715301513672
time3: 0.019121885299682617
time4: 0.02125382423400879
time5: 0.01658010482788086
time6: 0.017864227294921875
time7: 0.019974231719970703
time8: 0.01143503189086914
time9: 0.013580083847045898
time10: 0.011415958404541016
time11: 0.018617868423461914
time12: 0.010931015014648438
time13: 0.011030197143554688
